8.656051397323608398e+00
3.135876655578613281e-01
2.915239334106445312e-01
2.881975173950195312e-01
2.572739124298095703e-01
2.584295272827148438e-01
2.804265022277832031e-01
2.601497173309326172e-01
3.037893772125244141e-01
2.649989128112792969e-01
2.480843067169189453e-01
2.771873474121093750e-01
2.796592712402343750e-01
2.550253868103027344e-01
2.820754051208496094e-01
2.640936374664306641e-01
2.757313251495361328e-01
2.523665428161621094e-01
2.898929119110107422e-01
2.634484767913818359e-01
2.586736679077148438e-01
3.131618499755859375e-01
3.130118846893310547e-01
2.870106697082519531e-01
2.713346481323242188e-01
2.560005187988281250e-01
2.921710014343261719e-01
3.174798488616943359e-01
2.769386768341064453e-01
2.897834777832031250e-01
3.116946220397949219e-01
2.826414108276367188e-01
2.613379955291748047e-01
2.836065292358398438e-01
2.712862491607666016e-01
2.946343421936035156e-01
2.656133174896240234e-01
2.621595859527587891e-01
3.091182708740234375e-01
2.491414546966552734e-01
2.739214897155761719e-01
2.939503192901611328e-01
2.762815952301025391e-01
2.779743671417236328e-01
2.809417247772216797e-01
2.977609634399414062e-01
2.530877590179443359e-01
2.737910747528076172e-01
2.885220050811767578e-01
2.746756076812744141e-01
3.156847953796386719e-01
2.755739688873291016e-01
2.779612541198730469e-01
2.622408866882324219e-01
2.436115741729736328e-01
2.654485702514648438e-01
2.769408226013183594e-01
3.043181896209716797e-01
2.936174869537353516e-01
2.615697383880615234e-01
2.924447059631347656e-01
3.008503913879394531e-01
2.965502738952636719e-01
3.001630306243896484e-01
2.705223560333251953e-01
2.816607952117919922e-01
2.547249794006347656e-01
2.892010211944580078e-01
2.726280689239501953e-01
2.426376342773437500e-01
2.720408439636230469e-01
2.702405452728271484e-01
2.842717170715332031e-01
3.147423267364501953e-01
2.568387985229492188e-01
3.001868724822998047e-01
2.719194889068603516e-01
2.587935924530029297e-01
3.117012977600097656e-01
2.526412010192871094e-01
3.115329742431640625e-01
2.927510738372802734e-01
3.122041225433349609e-01
2.402775287628173828e-01
2.689032554626464844e-01
2.891945838928222656e-01
2.716267108917236328e-01
2.701559066772460938e-01
2.692627906799316406e-01
2.735133171081542969e-01
2.777445316314697266e-01
2.738795280456542969e-01
2.509922981262207031e-01
2.903692722320556641e-01
2.619731426239013672e-01
2.824072837829589844e-01
2.873377799987792969e-01
2.788083553314208984e-01
2.514579296112060547e-01
2.666809558868408203e-01
2.918784618377685547e-01
3.017208576202392578e-01
3.320736885070800781e-01
2.598567008972167969e-01
2.813413143157958984e-01
2.605504989624023438e-01
3.174200057983398438e-01
2.852160930633544922e-01
2.898869514465332031e-01
2.680280208587646484e-01
2.814607620239257812e-01
2.862024307250976562e-01
2.690169811248779297e-01
2.731041908264160156e-01
2.786424160003662109e-01
3.123600482940673828e-01
2.826089859008789062e-01
2.686779499053955078e-01
3.235750198364257812e-01
2.749946117401123047e-01
2.732965946197509766e-01
2.993917465209960938e-01
3.163068294525146484e-01
2.832553386688232422e-01
2.947790622711181641e-01
2.524580955505371094e-01
3.214488029479980469e-01
3.112301826477050781e-01
2.951097488403320312e-01
3.181750774383544922e-01
2.946441173553466797e-01
2.680246829986572266e-01
3.289546966552734375e-01
2.369956970214843750e-01
3.074450492858886719e-01
2.935490608215332031e-01
2.621595859527587891e-01
2.974686622619628906e-01
2.485401630401611328e-01
3.108832836151123047e-01
2.709197998046875000e-01
2.812228202819824219e-01
2.557225227355957031e-01
2.883088588714599609e-01
2.767181396484375000e-01
3.004157543182373047e-01
2.967503070831298828e-01
2.731897830963134766e-01
2.798845767974853516e-01
2.800924777984619141e-01
2.726788520812988281e-01
2.967252731323242188e-01
2.911112308502197266e-01
2.872080802917480469e-01
2.866046428680419922e-01
3.021495342254638672e-01
3.002285957336425781e-01
2.522654533386230469e-01
2.598652839660644531e-01
2.607550621032714844e-01
2.773506641387939453e-01
2.667450904846191406e-01
2.486515045166015625e-01
2.888576984405517578e-01
3.044917583465576172e-01
2.910540103912353516e-01
2.817013263702392578e-01
2.687063217163085938e-01
2.632575035095214844e-01
2.983610630035400391e-01
2.830784320831298828e-01
3.023085594177246094e-01
2.798328399658203125e-01
2.927436828613281250e-01
2.646522521972656250e-01
2.711958885192871094e-01
2.907097339630126953e-01
3.080825805664062500e-01
3.212907314300537109e-01
3.288259506225585938e-01
2.841196060180664062e-01
2.728848457336425781e-01
2.592880725860595703e-01
2.815730571746826172e-01
2.774767875671386719e-01
3.164777755737304688e-01
2.585954666137695312e-01
3.018848896026611328e-01
2.665171623229980469e-01
2.835114002227783203e-01
3.020961284637451172e-01
2.853648662567138672e-01
2.683537006378173828e-01
2.836246490478515625e-01
2.969143390655517578e-01
2.805640697479248047e-01
2.678067684173583984e-01
2.815599441528320312e-01
2.908399105072021484e-01
2.891609668731689453e-01
2.992503643035888672e-01
2.517070770263671875e-01
2.551541328430175781e-01
2.620372772216796875e-01
2.839083671569824219e-01
2.695047855377197266e-01
2.728719711303710938e-01
2.965936660766601562e-01
3.166117668151855469e-01
2.686250209808349609e-01
2.576086521148681641e-01
2.589025497436523438e-01
3.094980716705322266e-01
2.535264492034912109e-01
2.958641052246093750e-01
2.751133441925048828e-01
2.950911521911621094e-01
2.819681167602539062e-01
2.671842575073242188e-01
2.716100215911865234e-01
2.733199596405029297e-01
2.763431072235107422e-01
2.868058681488037109e-01
2.885227203369140625e-01
2.517158985137939453e-01
3.433642387390136719e-01
2.881855964660644531e-01
2.717554569244384766e-01
3.277769088745117188e-01
2.951118946075439453e-01
2.861196994781494141e-01
2.776196002960205078e-01
2.775640487670898438e-01
2.834150791168212891e-01
2.793643474578857422e-01
3.264410495758056641e-01
2.899513244628906250e-01
2.982220649719238281e-01
2.866933345794677734e-01
3.602154254913330078e-01
2.905046939849853516e-01
2.597482204437255859e-01
3.006789684295654297e-01
2.619175910949707031e-01
2.859170436859130859e-01
2.667722702026367188e-01
2.940087318420410156e-01
2.808265686035156250e-01
3.093714714050292969e-01
2.851145267486572266e-01
2.953033447265625000e-01
2.784595489501953125e-01
2.689881324768066406e-01
2.927939891815185547e-01
2.850694656372070312e-01
2.963714599609375000e-01
2.542762756347656250e-01
2.491991519927978516e-01
2.743494510650634766e-01
3.159787654876708984e-01
2.761671543121337891e-01
2.721130847930908203e-01
2.614424228668212891e-01
3.110740184783935547e-01
2.441413402557373047e-01
2.682421207427978516e-01
2.794268131256103516e-01
2.971441745758056641e-01
2.441134452819824219e-01
2.755961418151855469e-01
3.095843791961669922e-01
3.018560409545898438e-01
2.974169254302978516e-01
3.008496761322021484e-01
3.147249221801757812e-01
3.079659938812255859e-01
3.044710159301757812e-01
2.815399169921875000e-01
3.068392276763916016e-01
2.805953025817871094e-01
2.941710948944091797e-01
2.789244651794433594e-01
2.761387825012207031e-01
2.894539833068847656e-01
2.703511714935302734e-01
2.955145835876464844e-01
2.999188899993896484e-01
2.793259620666503906e-01
2.700173854827880859e-01
2.726252079010009766e-01
3.042037487030029297e-01
3.222646713256835938e-01
2.766404151916503906e-01
3.076679706573486328e-01
3.340251445770263672e-01
2.548189163208007812e-01
2.869451045989990234e-01
3.026671409606933594e-01
2.966935634613037109e-01
2.881178855895996094e-01
2.943744659423828125e-01
2.717478275299072266e-01
2.768485546112060547e-01
2.922062873840332031e-01
2.628474235534667969e-01
2.459049224853515625e-01
2.979323863983154297e-01
2.629091739654541016e-01
2.866473197937011719e-01
3.047804832458496094e-01
2.615401744842529297e-01
2.686128616333007812e-01
2.860114574432373047e-01
2.724025249481201172e-01
2.869083881378173828e-01
2.786183357238769531e-01
2.984085083007812500e-01
3.006300926208496094e-01
2.809054851531982422e-01
3.001961708068847656e-01
2.942540645599365234e-01
2.937080860137939453e-01
3.279674053192138672e-01
3.073561191558837891e-01
3.080902099609375000e-01
2.752745151519775391e-01
2.583863735198974609e-01
2.913842201232910156e-01
2.622425556182861328e-01
2.758867740631103516e-01
2.617025375366210938e-01
2.943751811981201172e-01
2.948834896087646484e-01
2.787642478942871094e-01
2.959046363830566406e-01
2.750279903411865234e-01
2.827894687652587891e-01
2.982475757598876953e-01
2.516226768493652344e-01
2.770559787750244141e-01
2.730879783630371094e-01
2.956550121307373047e-01
2.971696853637695312e-01
2.916777133941650391e-01
3.336317539215087891e-01
2.544372081756591797e-01
3.020324707031250000e-01
3.262503147125244141e-01
2.889137268066406250e-01
2.827906608581542969e-01
3.099312782287597656e-01
2.699451446533203125e-01
2.892243862152099609e-01
2.798988819122314453e-01
2.893505096435546875e-01
2.800257205963134766e-01
2.548062801361083984e-01
2.787978649139404297e-01
2.930219173431396484e-01
2.846741676330566406e-01
2.943999767303466797e-01
3.104991912841796875e-01
2.624955177307128906e-01
2.881035804748535156e-01
2.730593681335449219e-01
2.793421745300292969e-01
3.019015789031982422e-01
2.714109420776367188e-01
2.518932819366455078e-01
3.000919818878173828e-01
2.806966304779052734e-01
2.535543441772460938e-01
2.984170913696289062e-01
2.520875930786132812e-01
2.582004070281982422e-01
3.025214672088623047e-01
2.656514644622802734e-01
2.480297088623046875e-01
2.493340969085693359e-01
3.151435852050781250e-01
2.676990032196044922e-01
3.083784580230712891e-01
3.084120750427246094e-01
2.510421276092529297e-01
2.890617847442626953e-01
2.749528884887695312e-01
2.825827598571777344e-01
2.511756420135498047e-01
3.112063407897949219e-01
2.928478717803955078e-01
2.573585510253906250e-01
3.129785060882568359e-01
2.896978855133056641e-01
2.834477424621582031e-01
2.963168621063232422e-01
3.056371212005615234e-01
2.563395500183105469e-01
2.636959552764892578e-01
2.535824775695800781e-01
2.915468215942382812e-01
2.695703506469726562e-01
2.695946693420410156e-01
2.716162204742431641e-01
2.892758846282958984e-01
2.528913021087646484e-01
2.573394775390625000e-01
2.822828292846679688e-01
2.672705650329589844e-01
2.875063419342041016e-01
2.618222236633300781e-01
2.870078086853027344e-01
2.489156723022460938e-01
2.472634315490722656e-01
2.818396091461181641e-01
2.767045497894287109e-01
2.752084732055664062e-01
2.842404842376708984e-01
2.704038619995117188e-01
2.786800861358642578e-01
2.549195289611816406e-01
2.551867961883544922e-01
2.406225204467773438e-01
2.674596309661865234e-01
2.983615398406982422e-01
2.632937431335449219e-01
2.684834003448486328e-01
2.908833026885986328e-01
3.066291809082031250e-01
2.475202083587646484e-01
2.846217155456542969e-01
3.095800876617431641e-01
2.785067558288574219e-01
2.900896072387695312e-01
2.994704246520996094e-01
2.656712532043457031e-01
3.141310214996337891e-01
2.823991775512695312e-01
2.631967067718505859e-01
2.597162723541259766e-01
3.064892292022705078e-01
2.823138236999511719e-01
2.671146392822265625e-01
2.528681755065917969e-01
3.330643177032470703e-01
2.656793594360351562e-01
2.666175365447998047e-01
2.865083217620849609e-01
2.841153144836425781e-01
2.605965137481689453e-01
2.427058219909667969e-01
2.530508041381835938e-01
2.862432003021240234e-01
3.062903881072998047e-01
2.483482360839843750e-01
2.860083580017089844e-01
2.628951072692871094e-01
3.087134361267089844e-01
2.846791744232177734e-01
2.757265567779541016e-01
2.785847187042236328e-01
2.930359840393066406e-01
2.620921134948730469e-01
2.945902347564697266e-01
2.907080650329589844e-01
2.933783531188964844e-01
2.624204158782958984e-01
2.916893959045410156e-01
2.495338916778564453e-01
2.946388721466064453e-01
2.777345180511474609e-01
3.155426979064941406e-01
2.669575214385986328e-01
2.425942420959472656e-01
2.905142307281494141e-01
2.663242816925048828e-01
2.856724262237548828e-01
3.024101257324218750e-01
2.608752250671386719e-01
3.022813796997070312e-01
2.856879234313964844e-01
2.841105461120605469e-01
2.700495719909667969e-01
2.875843048095703125e-01
2.641334533691406250e-01
3.081235885620117188e-01
2.825064659118652344e-01
2.883825302124023438e-01
2.757921218872070312e-01
2.614369392395019531e-01
2.748377323150634766e-01
2.639265060424804688e-01
2.681965827941894531e-01
3.048942089080810547e-01
3.045718669891357422e-01
2.828330993652343750e-01
2.593128681182861328e-01
3.051216602325439453e-01
2.771866321563720703e-01
2.845489978790283203e-01
2.690908908843994141e-01
3.210394382476806641e-01
3.277127742767333984e-01
2.910199165344238281e-01
3.229606151580810547e-01
3.025701045989990234e-01
2.808887958526611328e-01
3.013515472412109375e-01
2.508244514465332031e-01
2.909708023071289062e-01
2.624692916870117188e-01
2.825691699981689453e-01
2.749543190002441406e-01
2.832300662994384766e-01
2.699606418609619141e-01
3.164947032928466797e-01
2.568750381469726562e-01
2.751045227050781250e-01
2.967333793640136719e-01
3.432338237762451172e-01
2.943592071533203125e-01
3.011541366577148438e-01
2.579917907714843750e-01
2.439825534820556641e-01
3.128907680511474609e-01
3.364295959472656250e-01
3.010289669036865234e-01
2.913186550140380859e-01
2.834589481353759766e-01
2.767913341522216797e-01
3.559279441833496094e-01
2.723526954650878906e-01
2.797791957855224609e-01
2.889661788940429688e-01
3.025529384613037109e-01
2.736325263977050781e-01
2.907183170318603516e-01
2.815740108489990234e-01
2.644133567810058594e-01
3.393561840057373047e-01
3.045966625213623047e-01
2.829971313476562500e-01
2.923226356506347656e-01
2.670094966888427734e-01
3.039712905883789062e-01
3.068461418151855469e-01
2.836339473724365234e-01
3.106193542480468750e-01
2.999775409698486328e-01
2.966985702514648438e-01
2.816631793975830078e-01
2.448475360870361328e-01
2.914094924926757812e-01
2.814078330993652344e-01
2.706420421600341797e-01
3.091685771942138672e-01
2.992963790893554688e-01
2.867267131805419922e-01
2.960522174835205078e-01
3.047900199890136719e-01
2.691364288330078125e-01
2.740044593811035156e-01
2.815139293670654297e-01
2.732276916503906250e-01
2.938914299011230469e-01
3.007211685180664062e-01
2.695906162261962891e-01
2.936794757843017578e-01
2.659616470336914062e-01
3.303389549255371094e-01
2.762951850891113281e-01
2.972087860107421875e-01
2.789278030395507812e-01
3.312506675720214844e-01
2.467224597930908203e-01
3.088598251342773438e-01
3.110702037811279297e-01
2.710556983947753906e-01
2.731885910034179688e-01
2.468442916870117188e-01
2.845342159271240234e-01
2.666840553283691406e-01
3.265032768249511719e-01
3.262939453125000000e-01
3.055350780487060547e-01
2.919709682464599609e-01
2.629423141479492188e-01
3.266584873199462891e-01
2.985560894012451172e-01
3.315935134887695312e-01
3.093383312225341797e-01
3.042526245117187500e-01
3.193004131317138672e-01
2.765123844146728516e-01
2.699444293975830078e-01
2.774977684020996094e-01
2.960762977600097656e-01
3.180253505706787109e-01
3.380904197692871094e-01
3.011617660522460938e-01
3.240129947662353516e-01
3.184504508972167969e-01
2.994654178619384766e-01
3.053183555603027344e-01
2.701740264892578125e-01
2.873573303222656250e-01
4.346430301666259766e-01
2.901587486267089844e-01
3.066139221191406250e-01
3.685386180877685547e-01
2.975487709045410156e-01
2.877824306488037109e-01
3.288288116455078125e-01
3.196086883544921875e-01
3.169157505035400391e-01
3.349282741546630859e-01
3.013110160827636719e-01
3.186907768249511719e-01
3.243942260742187500e-01
3.067584037780761719e-01
3.309299945831298828e-01
2.951047420501708984e-01
2.862734794616699219e-01
2.994775772094726562e-01
2.801024913787841797e-01
2.648143768310546875e-01
3.463606834411621094e-01
2.781684398651123047e-01
3.235361576080322266e-01
2.839069366455078125e-01
3.323535919189453125e-01
2.759425640106201172e-01
3.007662296295166016e-01
3.288023471832275391e-01
2.727885246276855469e-01
3.093197345733642578e-01
2.766153812408447266e-01
2.913432121276855469e-01
2.823038101196289062e-01
2.759094238281250000e-01
2.753777503967285156e-01
2.815856933593750000e-01
3.726413249969482422e-01
2.992835044860839844e-01
2.800364494323730469e-01
3.113172054290771484e-01
2.941164970397949219e-01
3.275883197784423828e-01
2.592949867248535156e-01
2.851386070251464844e-01
3.029921054840087891e-01
2.713913917541503906e-01
2.999160289764404297e-01
2.992603778839111328e-01
3.027896881103515625e-01
2.981922626495361328e-01
2.632021903991699219e-01
2.656176090240478516e-01
3.124473094940185547e-01
2.852818965911865234e-01
2.872982025146484375e-01
3.065559864044189453e-01
2.772731781005859375e-01
2.792997360229492188e-01
2.766640186309814453e-01
3.068392276763916016e-01
2.978157997131347656e-01
3.023710250854492188e-01
2.607347965240478516e-01
2.865138053894042969e-01
2.566914558410644531e-01
2.882418632507324219e-01
3.012840747833251953e-01
2.774617671966552734e-01
2.801489830017089844e-01
2.630898952484130859e-01
2.818026542663574219e-01
2.777063846588134766e-01
3.260633945465087891e-01
2.911350727081298828e-01
2.678055763244628906e-01
3.052711486816406250e-01
3.143136501312255859e-01
3.112387657165527344e-01
2.997777462005615234e-01
2.739026546478271484e-01
2.564508914947509766e-01
3.202807903289794922e-01
2.776119709014892578e-01
2.909088134765625000e-01
2.938389778137207031e-01
2.730910778045654297e-01
2.482740879058837891e-01
2.707443237304687500e-01
2.451889514923095703e-01
3.076410293579101562e-01
2.877304553985595703e-01
2.765140533447265625e-01
3.080606460571289062e-01
2.997014522552490234e-01
2.989885807037353516e-01
3.135416507720947266e-01
3.339426517486572266e-01
3.176815509796142578e-01
3.078186511993408203e-01
3.254802227020263672e-01
2.857441902160644531e-01
2.886195182800292969e-01
2.995963096618652344e-01
3.351094722747802734e-01
2.833638191223144531e-01
2.802228927612304688e-01
3.117110729217529297e-01
2.633795738220214844e-01
2.867026329040527344e-01
2.911889553070068359e-01
2.770302295684814453e-01
2.708868980407714844e-01
2.776720523834228516e-01
2.584342956542968750e-01
3.177039623260498047e-01
3.006961345672607422e-01
2.742853164672851562e-01
2.824239730834960938e-01
2.990536689758300781e-01
2.912428379058837891e-01
2.604918479919433594e-01
2.894163131713867188e-01
3.343617916107177734e-01
2.988476753234863281e-01
2.839045524597167969e-01
2.685465812683105469e-01
3.104093074798583984e-01
2.798607349395751953e-01
2.972507476806640625e-01
2.958321571350097656e-01
3.013286590576171875e-01
3.122291564941406250e-01
3.248014450073242188e-01
3.073887825012207031e-01
2.802891731262207031e-01
2.996013164520263672e-01
2.719707489013671875e-01
3.122668266296386719e-01
2.923903465270996094e-01
2.791111469268798828e-01
2.928249835968017578e-01
3.240063190460205078e-01
2.546365261077880859e-01
3.301978111267089844e-01
3.368501663208007812e-01
2.632012367248535156e-01
2.884793281555175781e-01
3.151884078979492188e-01
3.120870590209960938e-01
3.065762519836425781e-01
3.468399047851562500e-01
3.174605369567871094e-01
3.330972194671630859e-01
2.964055538177490234e-01
3.385138511657714844e-01
2.815377712249755859e-01
3.136026859283447266e-01
2.819790840148925781e-01
2.820272445678710938e-01
2.967808246612548828e-01
3.461742401123046875e-01
2.829017639160156250e-01
2.704517841339111328e-01
2.908294200897216797e-01
3.148922920227050781e-01
2.477459907531738281e-01
3.138923645019531250e-01
3.022012710571289062e-01
3.327715396881103516e-01
2.989830970764160156e-01
3.208496570587158203e-01
2.950341701507568359e-01
2.644975185394287109e-01
2.889006137847900391e-01
3.260912895202636719e-01
3.035464286804199219e-01
3.092145919799804688e-01
3.144643306732177734e-01
2.751345634460449219e-01
2.707946300506591797e-01
2.717466354370117188e-01
2.992913722991943359e-01
3.035044670104980469e-01
3.002161979675292969e-01
2.987627983093261719e-01
2.677972316741943359e-01
2.957000732421875000e-01
2.846944332122802734e-01
2.522511482238769531e-01
2.748289108276367188e-01
2.771570682525634766e-01
3.098886013031005859e-01
3.127636909484863281e-01
3.196916580200195312e-01
2.928755283355712891e-01
3.169753551483154297e-01
2.897760868072509766e-01
2.928099632263183594e-01
2.887675762176513672e-01
3.389403820037841797e-01
3.152124881744384766e-01
2.727067470550537109e-01
3.487365245819091797e-01
3.082945346832275391e-01
3.118557929992675781e-01
3.105871677398681641e-01
2.915477752685546875e-01
3.206872940063476562e-01
3.350572586059570312e-01
3.675980567932128906e-01
3.080575466156005859e-01
2.934482097625732422e-01
2.890260219573974609e-01
2.830517292022705078e-01
3.238265514373779297e-01
2.840995788574218750e-01
2.884135246276855469e-01
2.693603038787841797e-01
2.672121524810791016e-01
2.893764972686767578e-01
3.015024662017822266e-01
3.321084976196289062e-01
2.975084781646728516e-01
2.915551662445068359e-01
2.760186195373535156e-01
2.796843051910400391e-01
2.912447452545166016e-01
2.976756095886230469e-01
3.381271362304687500e-01
3.102340698242187500e-01
3.215589523315429688e-01
3.440194129943847656e-01
2.899723052978515625e-01
3.340547084808349609e-01
2.960412502288818359e-01
3.244018554687500000e-01
2.774353027343750000e-01
3.066258430480957031e-01
3.244991302490234375e-01
3.254768848419189453e-01
3.005249500274658203e-01
3.288567066192626953e-01
2.681879997253417969e-01
3.081080913543701172e-01
3.123660087585449219e-01
2.439048290252685547e-01
2.916510105133056641e-01
2.827944755554199219e-01
2.852885723114013672e-01
2.628364562988281250e-01
2.856600284576416016e-01
2.791979312896728516e-01
3.126795291900634766e-01
2.977018356323242188e-01
3.201925754547119141e-01
2.977473735809326172e-01
2.732415199279785156e-01
3.045394420623779297e-01
3.133747577667236328e-01
2.838020324707031250e-01
2.716214656829833984e-01
2.604455947875976562e-01
2.867445945739746094e-01
2.876102924346923828e-01
2.765178680419921875e-01
2.692763805389404297e-01
2.927377223968505859e-01
3.127143383026123047e-01
3.005981445312500000e-01
2.917158603668212891e-01
2.668783664703369141e-01
2.549574375152587891e-01
2.502205371856689453e-01
3.185427188873291016e-01
3.025684356689453125e-01
2.744078636169433594e-01
2.941763401031494141e-01
3.038003444671630859e-01
2.915849685668945312e-01
2.941434383392333984e-01
2.704384326934814453e-01
2.905015945434570312e-01
2.555651664733886719e-01
3.060195446014404297e-01
2.819726467132568359e-01
3.242368698120117188e-01
2.949984073638916016e-01
3.127648830413818359e-01
2.693312168121337891e-01
3.042275905609130859e-01
2.858753204345703125e-01
3.097112178802490234e-01
2.624030113220214844e-01
3.185596466064453125e-01
2.794985771179199219e-01
2.493112087249755859e-01
3.319654464721679688e-01
2.921056747436523438e-01
2.863550186157226562e-01
2.735130786895751953e-01
2.700715065002441406e-01
2.850031852722167969e-01
2.939016819000244141e-01
2.943956851959228516e-01
2.724337577819824219e-01
3.000974655151367188e-01
2.853496074676513672e-01
2.974720001220703125e-01
3.006348609924316406e-01
2.830710411071777344e-01
2.554244995117187500e-01
2.866086959838867188e-01
3.282926082611083984e-01
3.183584213256835938e-01
2.841863632202148438e-01
2.944419384002685547e-01
2.914478778839111328e-01
2.733983993530273438e-01
2.871332168579101562e-01
2.900404930114746094e-01
2.896399497985839844e-01
3.183555603027343750e-01
2.991313934326171875e-01
3.015072345733642578e-01
2.711429595947265625e-01
3.007416725158691406e-01
2.582590579986572266e-01
2.767391204833984375e-01
2.773659229278564453e-01
2.670557498931884766e-01
2.834947109222412109e-01
2.649209499359130859e-01
3.013775348663330078e-01
2.994575500488281250e-01
2.891786098480224609e-01
2.947306632995605469e-01
2.741017341613769531e-01
3.235502243041992188e-01
2.870857715606689453e-01
3.376901149749755859e-01
2.808103561401367188e-01
2.840466499328613281e-01
2.877616882324218750e-01
2.790501117706298828e-01
2.854263782501220703e-01
3.295955657958984375e-01
2.900085449218750000e-01
2.853286266326904297e-01
2.609374523162841797e-01
3.225347995758056641e-01
3.204748630523681641e-01
3.110945224761962891e-01
3.043568134307861328e-01
3.590970039367675781e-01
3.148946762084960938e-01
3.025507926940917969e-01
2.812349796295166016e-01
2.778155803680419922e-01
3.043782711029052734e-01
2.941269874572753906e-01
2.785828113555908203e-01
2.822759151458740234e-01
2.673211097717285156e-01
3.258347511291503906e-01
3.039319515228271484e-01
2.911653518676757812e-01
2.856667041778564453e-01
2.944235801696777344e-01
2.942097187042236328e-01
2.586808204650878906e-01
2.669825553894042969e-01
2.898182868957519531e-01
3.017354011535644531e-01
2.762570381164550781e-01
2.495415210723876953e-01
2.632949352264404297e-01
2.879893779754638672e-01
2.979323863983154297e-01
2.842049598693847656e-01
3.070185184478759766e-01
2.736942768096923828e-01
3.148648738861083984e-01
3.897345066070556641e-01
4.398057460784912109e-01
3.232288360595703125e-01
3.177020549774169922e-01
3.078501224517822266e-01
3.002042770385742188e-01
2.592577934265136719e-01
2.920656204223632812e-01
3.213655948638916016e-01
3.056061267852783203e-01
2.822327613830566406e-01
2.824773788452148438e-01
2.714450359344482422e-01
