0.000000000000000000e+00 5.300000000000000000e+01 1.800000000000000000e+01 5.930555555555555580e-01
0.000000000000000000e+00 1.800000000000000000e+01 5.400000000000000000e+01 9.124999999999999778e-01
1.000000000000000000e+00 5.300000000000000000e+01 5.400000000000000000e+01 8.166666666666667629e-01
3.000000000000000000e+00 5.300000000000000000e+01 1.800000000000000000e+01 5.979166666666667629e-01
3.000000000000000000e+00 1.800000000000000000e+01 5.400000000000000000e+01 9.069444444444444420e-01
4.000000000000000000e+00 5.300000000000000000e+01 1.800000000000000000e+01 6.013888888888888618e-01
5.000000000000000000e+00 5.300000000000000000e+01 1.800000000000000000e+01 5.888888888888889062e-01
6.000000000000000000e+00 5.300000000000000000e+01 1.800000000000000000e+01 5.895833333333332371e-01
6.000000000000000000e+00 1.800000000000000000e+01 5.400000000000000000e+01 9.847222222222221655e-01
7.000000000000000000e+00 5.300000000000000000e+01 1.800000000000000000e+01 6.020833333333333037e-01
1.000000000000000000e+01 5.300000000000000000e+01 1.800000000000000000e+01 5.923611111111110050e-01
1.000000000000000000e+01 1.000000000000000000e+00 1.600000000000000000e+01 8.923611111111111605e-01
1.100000000000000000e+01 5.300000000000000000e+01 1.800000000000000000e+01 5.986111111111110938e-01
1.200000000000000000e+01 5.300000000000000000e+01 1.800000000000000000e+01 5.965277777777777679e-01
1.200000000000000000e+01 1.800000000000000000e+01 5.400000000000000000e+01 9.500000000000000666e-01
1.300000000000000000e+01 5.300000000000000000e+01 1.800000000000000000e+01 5.923611111111110050e-01
1.300000000000000000e+01 1.800000000000000000e+01 5.400000000000000000e+01 9.423611111111110938e-01
1.400000000000000000e+01 5.300000000000000000e+01 1.800000000000000000e+01 6.048611111111110716e-01
1.500000000000000000e+01 5.300000000000000000e+01 1.800000000000000000e+01 3.111111111111111160e-01
1.500000000000000000e+01 1.800000000000000000e+01 5.300000000000000000e+01 6.375000000000000666e-01
1.800000000000000000e+01 5.300000000000000000e+01 1.800000000000000000e+01 5.930555555555555580e-01
1.900000000000000000e+01 5.300000000000000000e+01 1.800000000000000000e+01 5.881944444444444642e-01
2.000000000000000000e+01 5.300000000000000000e+01 1.800000000000000000e+01 5.881944444444444642e-01
2.000000000000000000e+01 1.800000000000000000e+01 5.400000000000000000e+01 9.173611111111110716e-01
2.100000000000000000e+01 5.300000000000000000e+01 1.800000000000000000e+01 5.631944444444444420e-01
2.100000000000000000e+01 1.800000000000000000e+01 5.400000000000000000e+01 9.152777777777777457e-01
2.400000000000000000e+01 5.300000000000000000e+01 1.800000000000000000e+01 5.986111111111110938e-01
2.500000000000000000e+01 5.300000000000000000e+01 1.800000000000000000e+01 5.944444444444444420e-01
2.600000000000000000e+01 5.300000000000000000e+01 1.800000000000000000e+01 5.743055555555555136e-01
2.600000000000000000e+01 1.800000000000000000e+01 5.400000000000000000e+01 9.333333333333332371e-01
2.700000000000000000e+01 5.300000000000000000e+01 4.800000000000000000e+01 3.173611111111111494e-01
2.700000000000000000e+01 4.800000000000000000e+01 5.400000000000000000e+01 8.687500000000000222e-01
2.800000000000000000e+01 5.300000000000000000e+01 1.800000000000000000e+01 5.833333333333333703e-01
2.900000000000000000e+01 5.300000000000000000e+01 4.800000000000000000e+01 6.020833333333333037e-01
2.900000000000000000e+01 4.800000000000000000e+01 5.300000000000000000e+01 6.673611111111110716e-01
3.100000000000000000e+01 5.300000000000000000e+01 1.000000000000000000e+00 5.861111111111111382e-01
3.200000000000000000e+01 5.300000000000000000e+01 1.800000000000000000e+01 5.805555555555556024e-01
3.500000000000000000e+01 5.400000000000000000e+01 6.000000000000000000e+00 6.486111111111111382e-01
3.500000000000000000e+01 6.000000000000000000e+00 5.400000000000000000e+01 6.743055555555556024e-01
3.600000000000000000e+01 5.300000000000000000e+01 1.800000000000000000e+01 5.861111111111111382e-01
3.700000000000000000e+01 5.300000000000000000e+01 1.800000000000000000e+01 5.888888888888889062e-01
3.800000000000000000e+01 5.300000000000000000e+01 1.800000000000000000e+01 5.895833333333332371e-01
3.900000000000000000e+01 5.300000000000000000e+01 1.800000000000000000e+01 5.888888888888889062e-01
4.000000000000000000e+01 5.300000000000000000e+01 1.800000000000000000e+01 5.944444444444444420e-01
4.100000000000000000e+01 5.300000000000000000e+01 1.800000000000000000e+01 5.847222222222222543e-01
4.100000000000000000e+01 1.800000000000000000e+01 5.400000000000000000e+01 8.972222222222222543e-01
4.200000000000000000e+01 5.300000000000000000e+01 1.800000000000000000e+01 6.034722222222222987e-01
4.300000000000000000e+01 5.400000000000000000e+01 1.800000000000000000e+01 2.958333333333333370e-01
4.300000000000000000e+01 1.800000000000000000e+01 5.300000000000000000e+01 4.381944444444444975e-01
4.500000000000000000e+01 5.300000000000000000e+01 1.800000000000000000e+01 5.715277777777777457e-01
4.600000000000000000e+01 5.300000000000000000e+01 1.800000000000000000e+01 5.881944444444444642e-01
4.600000000000000000e+01 1.800000000000000000e+01 5.400000000000000000e+01 9.208333333333333925e-01
4.700000000000000000e+01 5.300000000000000000e+01 1.800000000000000000e+01 5.944444444444444420e-01
4.800000000000000000e+01 5.400000000000000000e+01 4.800000000000000000e+01 3.493055555555555358e-01
4.800000000000000000e+01 4.800000000000000000e+01 5.400000000000000000e+01 8.708333333333332371e-01
5.000000000000000000e+01 5.300000000000000000e+01 1.800000000000000000e+01 5.965277777777777679e-01
5.200000000000000000e+01 5.300000000000000000e+01 1.800000000000000000e+01 5.902777777777777901e-01
5.300000000000000000e+01 5.300000000000000000e+01 1.800000000000000000e+01 5.881944444444444642e-01
5.400000000000000000e+01 5.300000000000000000e+01 1.800000000000000000e+01 5.791666666666667185e-01
5.500000000000000000e+01 5.300000000000000000e+01 1.800000000000000000e+01 5.951388888888889950e-01
5.600000000000000000e+01 5.300000000000000000e+01 1.800000000000000000e+01 5.965277777777777679e-01
5.900000000000000000e+01 5.300000000000000000e+01 1.800000000000000000e+01 5.701388888888888618e-01
5.900000000000000000e+01 1.800000000000000000e+01 5.400000000000000000e+01 9.111111111111110938e-01
6.000000000000000000e+01 5.300000000000000000e+01 1.800000000000000000e+01 5.958333333333333259e-01
6.000000000000000000e+01 1.800000000000000000e+01 5.400000000000000000e+01 9.048611111111110050e-01
6.100000000000000000e+01 5.300000000000000000e+01 1.800000000000000000e+01 5.909722222222222321e-01
6.200000000000000000e+01 5.300000000000000000e+01 1.800000000000000000e+01 5.840277777777777013e-01
6.400000000000000000e+01 5.400000000000000000e+01 1.800000000000000000e+01 5.958333333333333259e-01
6.400000000000000000e+01 1.800000000000000000e+01 5.400000000000000000e+01 9.201388888888888395e-01
6.500000000000000000e+01 5.300000000000000000e+01 1.800000000000000000e+01 6.006944444444445308e-01
6.600000000000000000e+01 5.300000000000000000e+01 1.800000000000000000e+01 5.993055555555555358e-01
6.700000000000000000e+01 5.300000000000000000e+01 1.800000000000000000e+01 5.902777777777777901e-01
6.700000000000000000e+01 1.800000000000000000e+01 1.600000000000000000e+01 9.229166666666666075e-01
6.800000000000000000e+01 5.300000000000000000e+01 1.800000000000000000e+01 5.999999999999999778e-01
6.800000000000000000e+01 1.800000000000000000e+01 5.400000000000000000e+01 9.076388888888889950e-01
6.900000000000000000e+01 5.300000000000000000e+01 1.800000000000000000e+01 5.847222222222222543e-01
7.000000000000000000e+01 5.400000000000000000e+01 4.800000000000000000e+01 6.534722222222222321e-01
7.000000000000000000e+01 4.800000000000000000e+01 5.400000000000000000e+01 7.486111111111110050e-01
7.100000000000000000e+01 5.300000000000000000e+01 1.800000000000000000e+01 5.777777777777778345e-01
7.300000000000000000e+01 5.300000000000000000e+01 1.800000000000000000e+01 5.993055555555555358e-01
7.400000000000000000e+01 5.300000000000000000e+01 1.800000000000000000e+01 5.972222222222222099e-01
7.500000000000000000e+01 5.300000000000000000e+01 4.800000000000000000e+01 7.104166666666666963e-01
7.500000000000000000e+01 4.800000000000000000e+01 5.400000000000000000e+01 8.076388888888889062e-01
7.600000000000000000e+01 5.400000000000000000e+01 1.800000000000000000e+01 2.923611111111111271e-01
7.900000000000000000e+01 1.800000000000000000e+01 5.400000000000000000e+01 9.131944444444445308e-01
8.100000000000000000e+01 5.300000000000000000e+01 1.800000000000000000e+01 5.958333333333333259e-01
8.200000000000000000e+01 5.300000000000000000e+01 1.800000000000000000e+01 6.034722222222222987e-01
8.200000000000000000e+01 1.800000000000000000e+01 5.400000000000000000e+01 9.249999999999999334e-01
8.300000000000000000e+01 5.300000000000000000e+01 1.800000000000000000e+01 6.006944444444445308e-01
8.600000000000000000e+01 5.300000000000000000e+01 1.800000000000000000e+01 5.743055555555555136e-01
8.700000000000000000e+01 5.300000000000000000e+01 1.800000000000000000e+01 5.965277777777777679e-01
8.800000000000000000e+01 5.300000000000000000e+01 1.800000000000000000e+01 5.993055555555555358e-01
8.800000000000000000e+01 1.800000000000000000e+01 5.400000000000000000e+01 9.118055555555555358e-01
8.900000000000000000e+01 5.300000000000000000e+01 1.800000000000000000e+01 5.979166666666667629e-01
8.900000000000000000e+01 1.800000000000000000e+01 1.600000000000000000e+01 9.145833333333333037e-01
9.000000000000000000e+01 5.300000000000000000e+01 1.800000000000000000e+01 6.076388888888888395e-01
9.100000000000000000e+01 5.400000000000000000e+01 5.300000000000000000e+01 3.999999999999999667e-01
9.100000000000000000e+01 5.300000000000000000e+01 1.800000000000000000e+01 5.812499999999999334e-01
9.100000000000000000e+01 1.800000000000000000e+01 5.400000000000000000e+01 9.152777777777777457e-01
9.400000000000000000e+01 5.300000000000000000e+01 1.800000000000000000e+01 6.013888888888888618e-01
9.400000000000000000e+01 1.800000000000000000e+01 5.400000000000000000e+01 9.041666666666666741e-01
9.500000000000000000e+01 5.300000000000000000e+01 1.800000000000000000e+01 5.965277777777777679e-01
9.600000000000000000e+01 5.300000000000000000e+01 1.800000000000000000e+01 6.027777777777777457e-01
9.600000000000000000e+01 1.800000000000000000e+01 5.400000000000000000e+01 9.173611111111110716e-01
9.700000000000000000e+01 5.300000000000000000e+01 1.800000000000000000e+01 5.895833333333332371e-01
9.800000000000000000e+01 5.400000000000000000e+01 2.400000000000000000e+01 4.145833333333333037e-01
9.800000000000000000e+01 2.400000000000000000e+01 5.300000000000000000e+01 4.624999999999999667e-01
9.800000000000000000e+01 5.300000000000000000e+01 1.800000000000000000e+01 5.909722222222222321e-01
1.000000000000000000e+02 5.400000000000000000e+01 1.800000000000000000e+01 2.798611111111111160e-01
1.000000000000000000e+02 1.800000000000000000e+01 5.300000000000000000e+01 6.854166666666666741e-01
1.020000000000000000e+02 5.300000000000000000e+01 1.800000000000000000e+01 6.048611111111110716e-01
1.020000000000000000e+02 1.800000000000000000e+01 5.400000000000000000e+01 9.159722222222222987e-01
1.030000000000000000e+02 5.300000000000000000e+01 1.800000000000000000e+01 5.826388888888888173e-01
1.040000000000000000e+02 5.300000000000000000e+01 1.800000000000000000e+01 5.979166666666667629e-01
1.040000000000000000e+02 1.800000000000000000e+01 5.400000000000000000e+01 9.104166666666667629e-01
1.050000000000000000e+02 5.300000000000000000e+01 1.800000000000000000e+01 5.951388888888889950e-01
1.050000000000000000e+02 1.800000000000000000e+01 5.400000000000000000e+01 9.062500000000000000e-01
1.080000000000000000e+02 5.300000000000000000e+01 1.800000000000000000e+01 5.951388888888889950e-01
1.080000000000000000e+02 1.800000000000000000e+01 5.400000000000000000e+01 9.034722222222222321e-01
1.090000000000000000e+02 5.300000000000000000e+01 1.800000000000000000e+01 5.888888888888889062e-01
1.090000000000000000e+02 1.800000000000000000e+01 5.400000000000000000e+01 9.173611111111110716e-01
1.100000000000000000e+02 5.300000000000000000e+01 1.800000000000000000e+01 5.847222222222222543e-01
1.110000000000000000e+02 5.300000000000000000e+01 1.800000000000000000e+01 5.909722222222222321e-01
1.110000000000000000e+02 1.800000000000000000e+01 5.400000000000000000e+01 9.034722222222222321e-01
1.120000000000000000e+02 5.300000000000000000e+01 1.800000000000000000e+01 6.034722222222222987e-01
1.150000000000000000e+02 5.300000000000000000e+01 1.800000000000000000e+01 5.993055555555555358e-01
1.160000000000000000e+02 5.300000000000000000e+01 1.800000000000000000e+01 5.895833333333332371e-01
1.170000000000000000e+02 5.300000000000000000e+01 1.800000000000000000e+01 5.868055555555554692e-01
1.170000000000000000e+02 1.800000000000000000e+01 5.400000000000000000e+01 8.916666666666666075e-01
1.180000000000000000e+02 5.400000000000000000e+01 1.800000000000000000e+01 3.041666666666666963e-01
1.180000000000000000e+02 1.800000000000000000e+01 5.300000000000000000e+01 6.479166666666666963e-01
1.180000000000000000e+02 5.300000000000000000e+01 4.800000000000000000e+01 6.854166666666666741e-01
1.180000000000000000e+02 4.800000000000000000e+01 5.400000000000000000e+01 7.479166666666666741e-01
1.190000000000000000e+02 5.300000000000000000e+01 1.800000000000000000e+01 5.736111111111111827e-01
1.220000000000000000e+02 5.300000000000000000e+01 1.800000000000000000e+01 5.888888888888889062e-01
