0.000000000000000000e+00 3.000000000000000000e+01 8.100000000000000000e+01 9.243055555555556024e-01
1.000000000000000000e+00 8.100000000000000000e+01 2.200000000000000000e+01 2.861111111111111494e-01
1.000000000000000000e+00 2.200000000000000000e+01 7.000000000000000000e+01 7.006944444444443976e-01
1.000000000000000000e+00 7.000000000000000000e+01 8.100000000000000000e+01 7.722222222222222543e-01
2.000000000000000000e+00 8.100000000000000000e+01 2.200000000000000000e+01 2.861111111111111494e-01
2.000000000000000000e+00 1.800000000000000000e+01 8.100000000000000000e+01 7.868055555555555358e-01
3.000000000000000000e+00 8.100000000000000000e+01 2.200000000000000000e+01 2.916666666666666852e-01
3.000000000000000000e+00 2.200000000000000000e+01 8.100000000000000000e+01 8.402777777777777901e-01
4.000000000000000000e+00 8.100000000000000000e+01 1.100000000000000000e+01 2.604166666666666852e-01
4.000000000000000000e+00 1.100000000000000000e+01 8.100000000000000000e+01 5.131944444444443976e-01
5.000000000000000000e+00 8.100000000000000000e+01 2.300000000000000000e+01 2.861111111111111494e-01
5.000000000000000000e+00 2.200000000000000000e+01 8.100000000000000000e+01 7.486111111111110050e-01
9.000000000000000000e+00 8.100000000000000000e+01 2.200000000000000000e+01 2.944444444444444531e-01
9.000000000000000000e+00 2.200000000000000000e+01 8.100000000000000000e+01 7.201388888888889950e-01
1.000000000000000000e+01 8.100000000000000000e+01 2.200000000000000000e+01 2.875000000000000333e-01
1.000000000000000000e+01 2.300000000000000000e+01 8.100000000000000000e+01 6.881944444444444420e-01
1.100000000000000000e+01 8.100000000000000000e+01 2.200000000000000000e+01 2.895833333333333037e-01
1.100000000000000000e+01 2.200000000000000000e+01 8.100000000000000000e+01 7.173611111111110050e-01
1.200000000000000000e+01 8.100000000000000000e+01 2.200000000000000000e+01 2.840277777777777679e-01
1.200000000000000000e+01 1.800000000000000000e+01 8.100000000000000000e+01 7.999999999999999334e-01
1.500000000000000000e+01 8.100000000000000000e+01 2.200000000000000000e+01 2.833333333333333814e-01
1.500000000000000000e+01 1.800000000000000000e+01 8.100000000000000000e+01 7.881944444444445308e-01
1.600000000000000000e+01 8.100000000000000000e+01 2.200000000000000000e+01 2.812500000000000000e-01
1.600000000000000000e+01 2.200000000000000000e+01 8.100000000000000000e+01 7.284722222222222987e-01
1.700000000000000000e+01 8.100000000000000000e+01 2.200000000000000000e+01 2.833333333333333814e-01
1.700000000000000000e+01 2.300000000000000000e+01 8.100000000000000000e+01 7.138888888888889062e-01
1.800000000000000000e+01 8.100000000000000000e+01 2.200000000000000000e+01 2.805555555555555025e-01
1.800000000000000000e+01 2.200000000000000000e+01 8.100000000000000000e+01 6.756944444444443754e-01
1.900000000000000000e+01 8.100000000000000000e+01 2.200000000000000000e+01 2.847222222222222654e-01
1.900000000000000000e+01 2.300000000000000000e+01 1.800000000000000000e+01 7.201388888888889950e-01
1.900000000000000000e+01 1.800000000000000000e+01 8.100000000000000000e+01 7.916666666666666297e-01
2.200000000000000000e+01 8.100000000000000000e+01 2.200000000000000000e+01 2.875000000000000333e-01
2.200000000000000000e+01 2.200000000000000000e+01 8.100000000000000000e+01 7.263888888888888618e-01
2.300000000000000000e+01 8.100000000000000000e+01 2.200000000000000000e+01 2.875000000000000333e-01
2.300000000000000000e+01 2.200000000000000000e+01 8.100000000000000000e+01 7.500000000000000000e-01
2.400000000000000000e+01 8.100000000000000000e+01 2.200000000000000000e+01 3.034722222222221988e-01
2.400000000000000000e+01 2.300000000000000000e+01 8.100000000000000000e+01 6.687500000000000666e-01
3.000000000000000000e+01 8.100000000000000000e+01 2.200000000000000000e+01 2.840277777777777679e-01
3.000000000000000000e+01 2.300000000000000000e+01 8.100000000000000000e+01 7.437500000000000222e-01
3.100000000000000000e+01 8.100000000000000000e+01 2.200000000000000000e+01 2.861111111111111494e-01
3.100000000000000000e+01 2.300000000000000000e+01 8.100000000000000000e+01 7.041666666666666075e-01
3.200000000000000000e+01 8.100000000000000000e+01 2.200000000000000000e+01 3.006944444444444309e-01
3.200000000000000000e+01 2.200000000000000000e+01 8.100000000000000000e+01 7.861111111111110938e-01
3.300000000000000000e+01 8.100000000000000000e+01 2.200000000000000000e+01 2.847222222222222654e-01
3.300000000000000000e+01 2.200000000000000000e+01 8.100000000000000000e+01 7.055555555555556024e-01
3.600000000000000000e+01 8.100000000000000000e+01 2.200000000000000000e+01 2.812500000000000000e-01
3.600000000000000000e+01 2.300000000000000000e+01 8.100000000000000000e+01 6.819444444444444642e-01
3.700000000000000000e+01 8.100000000000000000e+01 2.200000000000000000e+01 2.999999999999999889e-01
3.700000000000000000e+01 2.300000000000000000e+01 8.100000000000000000e+01 6.798611111111111382e-01
3.800000000000000000e+01 8.100000000000000000e+01 2.200000000000000000e+01 3.125000000000000000e-01
3.800000000000000000e+01 2.200000000000000000e+01 3.200000000000000000e+01 6.944444444444445308e-01
3.900000000000000000e+01 8.100000000000000000e+01 2.200000000000000000e+01 2.819444444444444975e-01
3.900000000000000000e+01 2.300000000000000000e+01 8.100000000000000000e+01 6.833333333333332371e-01
4.400000000000000000e+01 8.100000000000000000e+01 2.200000000000000000e+01 2.875000000000000333e-01
4.400000000000000000e+01 2.200000000000000000e+01 8.100000000000000000e+01 6.652777777777777457e-01
4.500000000000000000e+01 8.100000000000000000e+01 2.200000000000000000e+01 2.798611111111111160e-01
4.500000000000000000e+01 2.200000000000000000e+01 8.100000000000000000e+01 7.347222222222221655e-01
4.600000000000000000e+01 8.100000000000000000e+01 2.200000000000000000e+01 2.902777777777778012e-01
4.600000000000000000e+01 2.200000000000000000e+01 8.100000000000000000e+01 6.611111111111110938e-01
4.700000000000000000e+01 8.100000000000000000e+01 2.200000000000000000e+01 2.909722222222221877e-01
4.700000000000000000e+01 1.800000000000000000e+01 8.100000000000000000e+01 6.715277777777778345e-01
5.000000000000000000e+01 8.100000000000000000e+01 2.200000000000000000e+01 2.881944444444444198e-01
5.000000000000000000e+01 1.800000000000000000e+01 8.100000000000000000e+01 6.847222222222222321e-01
5.100000000000000000e+01 8.100000000000000000e+01 2.200000000000000000e+01 2.888888888888889173e-01
5.100000000000000000e+01 2.200000000000000000e+01 8.100000000000000000e+01 6.680555555555556246e-01
5.200000000000000000e+01 8.100000000000000000e+01 2.200000000000000000e+01 2.833333333333333814e-01
5.200000000000000000e+01 2.200000000000000000e+01 8.100000000000000000e+01 7.000000000000000666e-01
5.400000000000000000e+01 8.100000000000000000e+01 2.200000000000000000e+01 2.854166666666666519e-01
5.400000000000000000e+01 2.200000000000000000e+01 8.100000000000000000e+01 6.868055555555555580e-01
5.700000000000000000e+01 8.100000000000000000e+01 2.200000000000000000e+01 3.027777777777778123e-01
5.700000000000000000e+01 2.200000000000000000e+01 8.100000000000000000e+01 6.972222222222222987e-01
5.800000000000000000e+01 8.100000000000000000e+01 2.200000000000000000e+01 2.937500000000000111e-01
5.800000000000000000e+01 2.200000000000000000e+01 8.100000000000000000e+01 6.791666666666666963e-01
5.900000000000000000e+01 8.100000000000000000e+01 2.200000000000000000e+01 2.868055555555555358e-01
5.900000000000000000e+01 1.800000000000000000e+01 8.100000000000000000e+01 7.625000000000000666e-01
6.000000000000000000e+01 8.100000000000000000e+01 2.200000000000000000e+01 2.895833333333333037e-01
6.000000000000000000e+01 2.200000000000000000e+01 8.100000000000000000e+01 6.986111111111110716e-01
6.200000000000000000e+01 8.100000000000000000e+01 1.800000000000000000e+01 7.104166666666666963e-01
6.200000000000000000e+01 1.800000000000000000e+01 3.500000000000000000e+01 8.756944444444444420e-01
6.500000000000000000e+01 8.100000000000000000e+01 2.200000000000000000e+01 2.819444444444444975e-01
6.500000000000000000e+01 2.200000000000000000e+01 8.100000000000000000e+01 7.229166666666667629e-01
6.600000000000000000e+01 7.500000000000000000e+01 2.200000000000000000e+01 2.736111111111110827e-01
6.600000000000000000e+01 2.300000000000000000e+01 7.500000000000000000e+01 6.694444444444443976e-01
6.700000000000000000e+01 7.500000000000000000e+01 2.200000000000000000e+01 2.840277777777777679e-01
6.700000000000000000e+01 2.300000000000000000e+01 7.500000000000000000e+01 6.631944444444445308e-01
6.800000000000000000e+01 7.500000000000000000e+01 2.200000000000000000e+01 2.861111111111111494e-01
6.800000000000000000e+01 2.300000000000000000e+01 7.500000000000000000e+01 6.833333333333332371e-01
7.100000000000000000e+01 7.500000000000000000e+01 2.200000000000000000e+01 2.833333333333333814e-01
7.100000000000000000e+01 2.300000000000000000e+01 7.500000000000000000e+01 7.138888888888889062e-01
7.200000000000000000e+01 7.500000000000000000e+01 2.200000000000000000e+01 2.958333333333333370e-01
7.200000000000000000e+01 2.300000000000000000e+01 7.500000000000000000e+01 7.340277777777778345e-01
7.300000000000000000e+01 7.500000000000000000e+01 2.200000000000000000e+01 2.875000000000000333e-01
7.300000000000000000e+01 2.300000000000000000e+01 7.500000000000000000e+01 6.590277777777777679e-01
7.400000000000000000e+01 7.500000000000000000e+01 2.200000000000000000e+01 2.895833333333333037e-01
7.400000000000000000e+01 2.300000000000000000e+01 7.500000000000000000e+01 6.902777777777777679e-01
7.500000000000000000e+01 7.500000000000000000e+01 2.200000000000000000e+01 2.916666666666666852e-01
7.500000000000000000e+01 1.800000000000000000e+01 7.500000000000000000e+01 7.111111111111111382e-01
7.800000000000000000e+01 7.500000000000000000e+01 2.200000000000000000e+01 2.923611111111111271e-01
7.800000000000000000e+01 2.300000000000000000e+01 7.500000000000000000e+01 6.666666666666666297e-01
7.900000000000000000e+01 8.100000000000000000e+01 2.200000000000000000e+01 2.916666666666666852e-01
7.900000000000000000e+01 2.300000000000000000e+01 8.100000000000000000e+01 6.770833333333333703e-01
8.100000000000000000e+01 8.100000000000000000e+01 2.200000000000000000e+01 2.833333333333333814e-01
8.100000000000000000e+01 2.200000000000000000e+01 8.100000000000000000e+01 6.923611111111110938e-01
8.200000000000000000e+01 8.100000000000000000e+01 2.200000000000000000e+01 2.861111111111111494e-01
8.200000000000000000e+01 2.200000000000000000e+01 8.100000000000000000e+01 6.930555555555555358e-01
8.500000000000000000e+01 8.100000000000000000e+01 2.200000000000000000e+01 2.833333333333333814e-01
8.500000000000000000e+01 2.200000000000000000e+01 8.100000000000000000e+01 6.944444444444445308e-01
8.600000000000000000e+01 8.100000000000000000e+01 2.200000000000000000e+01 2.881944444444444198e-01
8.600000000000000000e+01 1.800000000000000000e+01 8.100000000000000000e+01 7.326388888888888395e-01
8.700000000000000000e+01 8.100000000000000000e+01 2.200000000000000000e+01 2.965277777777777790e-01
8.700000000000000000e+01 2.300000000000000000e+01 8.100000000000000000e+01 6.770833333333333703e-01
8.800000000000000000e+01 8.100000000000000000e+01 2.200000000000000000e+01 2.888888888888889173e-01
8.800000000000000000e+01 1.800000000000000000e+01 8.100000000000000000e+01 7.180555555555555580e-01
8.900000000000000000e+01 8.100000000000000000e+01 2.200000000000000000e+01 2.868055555555555358e-01
8.900000000000000000e+01 1.800000000000000000e+01 8.100000000000000000e+01 7.118055555555554692e-01
9.200000000000000000e+01 8.100000000000000000e+01 2.200000000000000000e+01 3.090277777777777346e-01
9.200000000000000000e+01 2.200000000000000000e+01 8.100000000000000000e+01 7.152777777777777901e-01
9.300000000000000000e+01 8.100000000000000000e+01 2.200000000000000000e+01 2.916666666666666852e-01
9.300000000000000000e+01 2.200000000000000000e+01 8.100000000000000000e+01 6.826388888888889062e-01
9.400000000000000000e+01 8.100000000000000000e+01 2.200000000000000000e+01 2.930555555555555691e-01
9.400000000000000000e+01 2.200000000000000000e+01 8.100000000000000000e+01 7.125000000000000222e-01
9.500000000000000000e+01 8.100000000000000000e+01 2.200000000000000000e+01 2.944444444444444531e-01
9.500000000000000000e+01 2.200000000000000000e+01 8.100000000000000000e+01 7.812500000000000000e-01
9.600000000000000000e+01 8.100000000000000000e+01 2.200000000000000000e+01 2.826388888888888840e-01
9.600000000000000000e+01 1.800000000000000000e+01 8.100000000000000000e+01 7.576388888888888618e-01
9.900000000000000000e+01 8.100000000000000000e+01 2.200000000000000000e+01 3.180555555555555358e-01
9.900000000000000000e+01 1.800000000000000000e+01 8.100000000000000000e+01 6.916666666666667629e-01
1.000000000000000000e+02 8.100000000000000000e+01 2.200000000000000000e+01 2.916666666666666852e-01
1.000000000000000000e+02 2.200000000000000000e+01 8.100000000000000000e+01 6.805555555555554692e-01
1.010000000000000000e+02 8.100000000000000000e+01 2.200000000000000000e+01 2.902777777777778012e-01
1.010000000000000000e+02 2.200000000000000000e+01 8.100000000000000000e+01 7.354166666666666075e-01
1.020000000000000000e+02 8.100000000000000000e+01 2.200000000000000000e+01 2.861111111111111494e-01
1.020000000000000000e+02 2.200000000000000000e+01 8.100000000000000000e+01 6.756944444444443754e-01
1.030000000000000000e+02 8.100000000000000000e+01 2.200000000000000000e+01 2.868055555555555358e-01
1.030000000000000000e+02 2.200000000000000000e+01 8.100000000000000000e+01 7.236111111111110938e-01
1.060000000000000000e+02 8.100000000000000000e+01 2.200000000000000000e+01 2.861111111111111494e-01
1.060000000000000000e+02 1.800000000000000000e+01 8.100000000000000000e+01 7.402777777777777013e-01
1.070000000000000000e+02 8.100000000000000000e+01 2.200000000000000000e+01 2.847222222222222654e-01
1.070000000000000000e+02 2.300000000000000000e+01 8.100000000000000000e+01 6.618055555555555358e-01
1.140000000000000000e+02 8.100000000000000000e+01 2.200000000000000000e+01 2.888888888888889173e-01
1.140000000000000000e+02 2.200000000000000000e+01 8.100000000000000000e+01 6.736111111111111605e-01
1.150000000000000000e+02 8.100000000000000000e+01 2.200000000000000000e+01 2.819444444444444975e-01
1.150000000000000000e+02 2.200000000000000000e+01 8.100000000000000000e+01 7.333333333333333925e-01
1.160000000000000000e+02 8.100000000000000000e+01 2.200000000000000000e+01 2.784722222222222321e-01
1.160000000000000000e+02 2.200000000000000000e+01 8.100000000000000000e+01 7.472222222222222321e-01
1.170000000000000000e+02 8.100000000000000000e+01 2.200000000000000000e+01 2.826388888888888840e-01
1.170000000000000000e+02 2.200000000000000000e+01 8.100000000000000000e+01 7.361111111111111605e-01
1.200000000000000000e+02 8.100000000000000000e+01 2.200000000000000000e+01 2.847222222222222654e-01
1.200000000000000000e+02 2.200000000000000000e+01 7.000000000000000000e+01 6.895833333333333259e-01
1.200000000000000000e+02 7.000000000000000000e+01 8.100000000000000000e+01 7.333333333333333925e-01
1.210000000000000000e+02 8.100000000000000000e+01 2.200000000000000000e+01 2.930555555555555691e-01
1.210000000000000000e+02 2.200000000000000000e+01 8.100000000000000000e+01 7.118055555555554692e-01
1.220000000000000000e+02 8.100000000000000000e+01 2.200000000000000000e+01 2.888888888888889173e-01
1.220000000000000000e+02 2.200000000000000000e+01 8.100000000000000000e+01 7.249999999999999778e-01
