-1.000000000000000000e+00 9.000000000000000000e+00 6.500000000000000000e+01 2.230000000000000071e+01
0.000000000000000000e+00 6.500000000000000000e+01 5.000000000000000000e+00 1.550000000000000000e+01
2.000000000000000000e+00 1.100000000000000000e+01 5.000000000000000000e+00 1.576666666666666572e+01
3.000000000000000000e+00 1.100000000000000000e+01 1.700000000000000000e+01 1.580000000000000071e+01
3.000000000000000000e+00 1.700000000000000000e+01 5.000000000000000000e+00 1.835000000000000142e+01
5.000000000000000000e+00 1.100000000000000000e+01 5.000000000000000000e+00 1.598333333333333428e+01
6.000000000000000000e+00 1.200000000000000000e+01 6.500000000000000000e+01 1.508333333333333215e+01
7.000000000000000000e+00 6.500000000000000000e+01 1.500000000000000000e+01 9.250000000000000000e+00
9.000000000000000000e+00 1.100000000000000000e+01 5.000000000000000000e+00 1.591666666666666785e+01
1.000000000000000000e+01 1.100000000000000000e+01 1.700000000000000000e+01 1.591666666666666785e+01
1.000000000000000000e+01 1.700000000000000000e+01 5.000000000000000000e+00 1.813333333333333286e+01
1.200000000000000000e+01 1.100000000000000000e+01 5.000000000000000000e+00 1.711666666666666714e+01
1.400000000000000000e+01 6.500000000000000000e+01 1.200000000000000000e+01 9.349999999999999645e+00
1.500000000000000000e+01 9.000000000000000000e+00 3.900000000000000000e+01 1.791666666666666785e+01
1.600000000000000000e+01 1.100000000000000000e+01 5.000000000000000000e+00 1.600000000000000000e+01
1.700000000000000000e+01 1.500000000000000000e+01 7.800000000000000000e+01 1.564999999999999858e+01
1.700000000000000000e+01 7.800000000000000000e+01 5.000000000000000000e+00 1.908333333333333215e+01
1.800000000000000000e+01 9.000000000000000000e+00 5.000000000000000000e+00 1.803333333333333499e+01
1.900000000000000000e+01 1.500000000000000000e+01 6.500000000000000000e+01 1.575000000000000000e+01
2.800000000000000000e+01 7.200000000000000000e+01 6.700000000000000000e+01 1.866666666666666785e+01
2.900000000000000000e+01 6.500000000000000000e+01 5.000000000000000000e+00 1.106666666666666643e+01
3.000000000000000000e+01 1.100000000000000000e+01 5.000000000000000000e+00 1.576666666666666572e+01
3.100000000000000000e+01 1.100000000000000000e+01 1.700000000000000000e+01 1.578333333333333499e+01
3.100000000000000000e+01 1.700000000000000000e+01 5.000000000000000000e+00 1.821666666666666501e+01
3.300000000000000000e+01 1.100000000000000000e+01 5.000000000000000000e+00 1.578333333333333499e+01
3.300000000000000000e+01 6.000000000000000000e+00 6.500000000000000000e+01 2.131666666666666643e+01
3.500000000000000000e+01 6.500000000000000000e+01 3.900000000000000000e+01 7.150000000000000355e+00
3.500000000000000000e+01 5.000000000000000000e+00 1.700000000000000000e+01 1.233333333333333393e+01
3.500000000000000000e+01 1.700000000000000000e+01 5.000000000000000000e+00 1.455000000000000071e+01
3.700000000000000000e+01 3.900000000000000000e+01 1.100000000000000000e+01 6.483333333333332504e+00
3.800000000000000000e+01 3.900000000000000000e+01 1.100000000000000000e+01 6.516666666666667496e+00
3.800000000000000000e+01 1.100000000000000000e+01 1.700000000000000000e+01 1.586666666666666714e+01
3.800000000000000000e+01 1.700000000000000000e+01 5.000000000000000000e+00 1.821666666666666501e+01
3.900000000000000000e+01 1.100000000000000000e+01 5.000000000000000000e+00 1.616666666666666785e+01
4.000000000000000000e+01 3.900000000000000000e+01 1.100000000000000000e+01 6.733333333333332504e+00
4.000000000000000000e+01 1.500000000000000000e+01 6.700000000000000000e+01 1.568333333333333357e+01
4.100000000000000000e+01 6.500000000000000000e+01 5.000000000000000000e+00 1.241666666666666607e+01
4.100000000000000000e+01 3.900000000000000000e+01 6.000000000000000000e+01 1.603333333333333499e+01
4.100000000000000000e+01 6.000000000000000000e+01 6.500000000000000000e+01 1.955000000000000071e+01
4.200000000000000000e+01 6.500000000000000000e+01 2.600000000000000000e+01 1.269999999999999929e+01
4.200000000000000000e+01 3.800000000000000000e+01 5.000000000000000000e+00 1.744999999999999929e+01
4.400000000000000000e+01 1.100000000000000000e+01 5.000000000000000000e+00 1.576666666666666572e+01
4.500000000000000000e+01 9.000000000000000000e+00 5.000000000000000000e+00 1.806666666666666643e+01
4.700000000000000000e+01 1.500000000000000000e+01 6.500000000000000000e+01 1.589999999999999858e+01
4.800000000000000000e+01 6.500000000000000000e+01 3.600000000000000000e+01 9.066666666666666430e+00
4.800000000000000000e+01 3.600000000000000000e+01 5.000000000000000000e+00 2.013333333333333286e+01
4.900000000000000000e+01 3.900000000000000000e+01 5.100000000000000000e+01 1.331666666666666643e+01
4.900000000000000000e+01 5.100000000000000000e+01 5.000000000000000000e+00 1.638333333333333286e+01
4.900000000000000000e+01 5.000000000000000000e+00 6.500000000000000000e+01 1.800000000000000000e+01
5.000000000000000000e+01 6.700000000000000000e+01 3.100000000000000000e+01 1.183333333333333393e+01
5.000000000000000000e+01 3.100000000000000000e+01 1.500000000000000000e+01 1.358333333333333393e+01
5.000000000000000000e+01 1.500000000000000000e+01 6.700000000000000000e+01 1.636666666666666714e+01
5.000000000000000000e+01 6.500000000000000000e+01 5.000000000000000000e+00 1.881666666666666643e+01
5.100000000000000000e+01 1.500000000000000000e+01 6.500000000000000000e+01 1.860000000000000142e+01
5.100000000000000000e+01 6.500000000000000000e+01 5.000000000000000000e+00 2.010000000000000142e+01
5.400000000000000000e+01 1.500000000000000000e+01 6.700000000000000000e+01 1.569999999999999929e+01
5.500000000000000000e+01 6.500000000000000000e+01 5.000000000000000000e+00 1.178333333333333321e+01
5.500000000000000000e+01 1.200000000000000000e+01 6.500000000000000000e+01 1.764999999999999858e+01
5.600000000000000000e+01 6.500000000000000000e+01 3.900000000000000000e+01 1.163333333333333286e+01
5.600000000000000000e+01 5.000000000000000000e+00 5.100000000000000000e+01 1.388333333333333286e+01
5.600000000000000000e+01 5.100000000000000000e+01 5.000000000000000000e+00 1.630000000000000071e+01
5.800000000000000000e+01 3.900000000000000000e+01 1.100000000000000000e+01 6.550000000000000711e+00
5.800000000000000000e+01 1.100000000000000000e+01 5.000000000000000000e+00 1.583333333333333215e+01
6.100000000000000000e+01 1.200000000000000000e+01 6.500000000000000000e+01 1.346666666666666679e+01
6.100000000000000000e+01 6.500000000000000000e+01 1.400000000000000000e+01 1.448333333333333428e+01
6.100000000000000000e+01 1.400000000000000000e+01 6.700000000000000000e+01 1.638333333333333286e+01
6.400000000000000000e+01 6.500000000000000000e+01 5.000000000000000000e+00 1.275000000000000000e+01
6.700000000000000000e+01 5.000000000000000000e+00 9.000000000000000000e+00 7.683333333333333570e+00
6.700000000000000000e+01 1.100000000000000000e+01 5.000000000000000000e+00 1.964999999999999858e+01
6.800000000000000000e+01 1.500000000000000000e+01 6.700000000000000000e+01 1.321666666666666679e+01
6.900000000000000000e+01 6.500000000000000000e+01 5.000000000000000000e+00 1.225000000000000000e+01
7.000000000000000000e+01 3.900000000000000000e+01 6.200000000000000000e+01 1.359999999999999964e+01
7.100000000000000000e+01 6.500000000000000000e+01 1.500000000000000000e+01 6.083333333333333925e+00
7.100000000000000000e+01 1.500000000000000000e+01 6.500000000000000000e+01 1.284999999999999964e+01
7.100000000000000000e+01 7.200000000000000000e+01 5.000000000000000000e+00 1.530000000000000071e+01
7.200000000000000000e+01 3.900000000000000000e+01 2.300000000000000000e+01 4.916666666666666963e+00
7.200000000000000000e+01 1.400000000000000000e+01 1.200000000000000000e+01 5.516666666666666607e+00
7.400000000000000000e+01 9.000000000000000000e+00 5.000000000000000000e+00 1.801666666666666572e+01
7.500000000000000000e+01 1.100000000000000000e+01 5.000000000000000000e+00 1.126666666666666750e+01
7.500000000000000000e+01 3.900000000000000000e+01 2.000000000000000000e+01 1.336666666666666714e+01
7.500000000000000000e+01 1.800000000000000000e+01 2.600000000000000000e+01 1.511666666666666714e+01
7.500000000000000000e+01 2.600000000000000000e+01 5.000000000000000000e+00 2.031666666666666643e+01
7.800000000000000000e+01 1.100000000000000000e+01 1.800000000000000000e+01 1.125000000000000000e+01
7.800000000000000000e+01 1.000000000000000000e+00 9.000000000000000000e+00 1.496666666666666501e+01
7.800000000000000000e+01 9.000000000000000000e+00 5.000000000000000000e+00 1.661666666666666714e+01
8.000000000000000000e+01 3.900000000000000000e+01 1.100000000000000000e+01 6.616666666666667140e+00
8.100000000000000000e+01 9.000000000000000000e+00 5.000000000000000000e+00 1.789999999999999858e+01
8.300000000000000000e+01 3.900000000000000000e+01 2.300000000000000000e+01 1.340000000000000036e+01
8.300000000000000000e+01 2.300000000000000000e+01 5.000000000000000000e+00 1.964999999999999858e+01
8.400000000000000000e+01 5.000000000000000000e+00 5.100000000000000000e+01 1.381666666666666643e+01
8.400000000000000000e+01 5.100000000000000000e+01 5.000000000000000000e+00 1.633333333333333215e+01
8.500000000000000000e+01 9.000000000000000000e+00 5.000000000000000000e+00 1.786666666666666714e+01
8.700000000000000000e+01 1.100000000000000000e+01 5.000000000000000000e+00 1.580000000000000071e+01
8.900000000000000000e+01 1.100000000000000000e+01 3.900000000000000000e+01 1.631666666666666643e+01
9.100000000000000000e+01 5.000000000000000000e+00 5.100000000000000000e+01 1.371666666666666679e+01
9.100000000000000000e+01 5.100000000000000000e+01 5.000000000000000000e+00 1.636666666666666714e+01
9.400000000000000000e+01 5.000000000000000000e+00 7.200000000000000000e+01 1.861666666666666714e+01
9.500000000000000000e+01 6.500000000000000000e+01 1.500000000000000000e+01 6.216666666666666785e+00
9.600000000000000000e+01 1.500000000000000000e+01 6.700000000000000000e+01 1.576666666666666572e+01
9.700000000000000000e+01 6.500000000000000000e+01 1.200000000000000000e+01 1.050000000000000000e+01
9.700000000000000000e+01 5.000000000000000000e+00 5.100000000000000000e+01 1.336666666666666714e+01
9.700000000000000000e+01 5.100000000000000000e+01 5.000000000000000000e+00 1.588333333333333286e+01
9.700000000000000000e+01 1.200000000000000000e+01 6.500000000000000000e+01 1.791666666666666785e+01
9.900000000000000000e+01 6.500000000000000000e+01 1.500000000000000000e+01 6.316666666666666430e+00
9.900000000000000000e+01 1.100000000000000000e+01 5.000000000000000000e+00 1.576666666666666572e+01
1.000000000000000000e+02 1.100000000000000000e+01 5.000000000000000000e+00 1.578333333333333499e+01
1.000000000000000000e+02 1.200000000000000000e+01 6.500000000000000000e+01 1.986666666666666714e+01
1.010000000000000000e+02 6.500000000000000000e+01 1.500000000000000000e+01 6.300000000000000711e+00
1.020000000000000000e+02 1.100000000000000000e+01 6.000000000000000000e+00 1.586666666666666714e+01
1.030000000000000000e+02 1.100000000000000000e+01 5.000000000000000000e+00 1.588333333333333286e+01
1.030000000000000000e+02 3.900000000000000000e+01 1.100000000000000000e+01 1.705000000000000071e+01
1.030000000000000000e+02 1.200000000000000000e+01 6.000000000000000000e+01 1.723333333333333428e+01
1.030000000000000000e+02 6.000000000000000000e+01 1.200000000000000000e+01 2.026666666666666572e+01
1.040000000000000000e+02 6.500000000000000000e+01 1.200000000000000000e+01 2.098333333333333428e+01
1.040000000000000000e+02 3.900000000000000000e+01 9.000000000000000000e+00 9.416666666666666075e+00
1.040000000000000000e+02 1.100000000000000000e+01 5.000000000000000000e+00 2.130000000000000071e+01
1.050000000000000000e+02 5.000000000000000000e+00 5.100000000000000000e+01 1.388333333333333286e+01
1.050000000000000000e+02 5.100000000000000000e+01 5.000000000000000000e+00 1.641666666666666785e+01
1.060000000000000000e+02 1.200000000000000000e+01 6.500000000000000000e+01 1.576666666666666572e+01
1.070000000000000000e+02 6.500000000000000000e+01 1.500000000000000000e+01 6.316666666666666430e+00
1.070000000000000000e+02 1.100000000000000000e+01 5.000000000000000000e+00 1.694999999999999929e+01
1.080000000000000000e+02 1.100000000000000000e+01 6.000000000000000000e+00 1.601666666666666572e+01
1.090000000000000000e+02 1.100000000000000000e+01 6.000000000000000000e+00 1.589999999999999858e+01
1.100000000000000000e+02 1.100000000000000000e+01 5.000000000000000000e+00 1.601666666666666572e+01
1.120000000000000000e+02 3.900000000000000000e+01 9.000000000000000000e+00 9.283333333333333215e+00
1.120000000000000000e+02 1.100000000000000000e+01 3.900000000000000000e+01 1.146666666666666679e+01
1.130000000000000000e+02 1.100000000000000000e+01 1.700000000000000000e+01 1.580000000000000071e+01
1.130000000000000000e+02 1.700000000000000000e+01 5.000000000000000000e+00 1.761666666666666714e+01
1.140000000000000000e+02 1.100000000000000000e+01 1.700000000000000000e+01 1.583333333333333215e+01
1.140000000000000000e+02 1.700000000000000000e+01 5.000000000000000000e+00 1.761666666666666714e+01
1.150000000000000000e+02 1.100000000000000000e+01 6.000000000000000000e+00 1.583333333333333215e+01
1.160000000000000000e+02 1.100000000000000000e+01 6.000000000000000000e+00 1.589999999999999858e+01
1.170000000000000000e+02 1.100000000000000000e+01 5.000000000000000000e+00 1.583333333333333215e+01
1.170000000000000000e+02 3.900000000000000000e+01 2.500000000000000000e+01 1.680000000000000071e+01
1.170000000000000000e+02 1.800000000000000000e+01 5.000000000000000000e+00 2.114999999999999858e+01
1.180000000000000000e+02 3.900000000000000000e+01 7.200000000000000000e+01 1.600000000000000000e+01
1.180000000000000000e+02 7.200000000000000000e+01 5.000000000000000000e+00 1.758333333333333215e+01
1.180000000000000000e+02 5.000000000000000000e+00 9.000000000000000000e+00 1.936666666666666714e+01
1.190000000000000000e+02 5.000000000000000000e+00 5.100000000000000000e+01 1.371666666666666679e+01
1.190000000000000000e+02 5.100000000000000000e+01 5.000000000000000000e+00 1.628333333333333499e+01
1.200000000000000000e+02 1.100000000000000000e+01 1.700000000000000000e+01 1.580000000000000071e+01
1.200000000000000000e+02 1.700000000000000000e+01 5.000000000000000000e+00 1.763333333333333286e+01
1.210000000000000000e+02 3.900000000000000000e+01 1.100000000000000000e+01 6.800000000000000711e+00
1.210000000000000000e+02 1.100000000000000000e+01 5.000000000000000000e+00 1.576666666666666572e+01
1.220000000000000000e+02 3.900000000000000000e+01 1.100000000000000000e+01 9.466666666666666785e+00
1.220000000000000000e+02 1.100000000000000000e+01 6.000000000000000000e+00 1.578333333333333499e+01
